 2.70337038e-002 -2.99834250e-001
 -4.53963508e-001 1.01570945e-001
 3.16088857e-001 -2.62477341e-001
 -2.36602806e-001 -2.92102174e-002
 -1.73816951e-001 -4.39058457e-001
 3.13564703e-001 -2.58858683e-001
 -2.88457387e-001 -3.75804495e-002
 -7.60733254e-002 2.33301094e-001
 4.30754351e-002 2.49041642e-001
 -1.69663957e-001 2.60730919e-001
 1.41780992e+000 -5.36699962e-001
 1.56538502e+000 1.29353008e-001
 8.40409742e-001 -4.17138901e-001
 1.36098237e+000 1.37324857e-001
 1.52858079e+000 -3.28145072e-001
 1.58217400e+000 -4.12323419e-001
 8.29583736e-001 -1.84563224e-001
 1.54734917e+000 -2.93211672e-001
 1.20896519e+000 -5.67748171e-001
 8.24858202e-001 -2.04222004e-002
 -3.25533429e-001 1.08849365e+000
 -5.61456513e-001 9.92136268e-001
 3.98438518e-001 1.23483320e+000
 -5.69617669e-001 8.01548159e-001
 5.48217360e-002 6.40713696e-001
 2.32790740e-001 1.55729158e+000
 -4.79702980e-001 1.32371175e+000
 2.15218994e-001 9.12520515e-001
 -2.14360973e-001 1.07860415e+000
 3.04059210e-001 1.02890888e+000
 1.22169478e+000 8.20061590e-001
 7.83468971e-001 1.19644205e+000
 1.25226192e+000 1.05093691e+000
 1.19401045e+000 6.33243063e-001
 1.47833719e+000 7.22570993e-001
 8.86382004e-001 1.02111676e+000
 9.15802850e-001 1.29451757e+000
 1.46718570e+000 1.17832876e+000
 7.07170965e-001 1.38789011e+000
 1.28429144e+000 1.13416911e+000
