 2.23835799e-001
 2.39478582e-001
 1.15767994e-001
 3.32315173e-001
 -8.71706878e-002
 -2.79943421e-001
 -6.78964778e-002
 -4.26545945e-001
 -1.19946838e-001
 8.24403292e-002
 -8.05073298e-002
 1.80691010e-001
 5.26703407e-002
 7.84640345e-002
 -5.31426899e-002
 -3.49652263e-002
 2.62620453e-002
 -1.29594045e-001
 -8.83908846e-002
 -7.26314930e-002
 -2.47961995e-001
 -1.65080901e-001
 -8.95034543e-002
 -4.82795250e-001
 -4.62634743e-001
 -3.42681878e-001
 -2.31450338e-001
 -1.21986841e-001
 -1.85371116e-001
 -4.39839386e-001
 -7.10743584e-001
 -3.30735733e-001
 -3.06805094e-001
 -2.26968740e-001
 -6.08563437e-002
 -4.34538436e-001
 -3.83415978e-001
 -3.92132760e-001
 -4.82596095e-001
 -1.42422122e-001
 4.93041502e-002
 -7.35700988e-002
 8.76980703e-002
 -2.07491719e-001
 -9.01932801e-002
 1.53973667e-001
 4.82101179e-002
 1.00061645e-001
 -3.08852947e-001
 -4.20988474e-001
 -2.63677339e-001
 -2.75949493e-001
 -2.97932428e-001
 -1.85440705e-003
 4.39787843e-002
 2.48009010e-001
 4.17097308e-001
 1.69133771e-001
 -7.64269552e-002
 -3.99367579e-001
 -3.45611931e-001
 -5.00732389e-001
 -5.74828440e-001
 -2.94981229e-001
 -3.20966726e-001
 -3.07846408e-001
 -2.17757088e-001
 -2.59760311e-001
 -4.04800597e-001
 -7.73165093e-002
 -1.14969792e-001
 -3.71218609e-001
 -3.39007709e-001
 -6.63122252e-001
 -5.64360152e-001
 -6.27587944e-001
 -4.33215470e-001
 -2.36861183e-001
 -8.94653792e-002
 1.89353239e-002
 -2.82694816e-001
 -3.46926283e-001
 -5.51936532e-001
 -5.53296422e-001
 -4.49612937e-001
 -2.84210222e-001
 -2.55905808e-001
 -2.33325634e-001
 -2.30090891e-001
 -4.85911709e-001
 -1.82129943e-001
 -1.83373576e-001
 8.33358577e-002
 2.25296074e-001
 -1.90244504e-001
 3.84830884e-002
 -1.08333239e-001
 -3.04472969e-001
 -2.08388181e-002
 -1.35676177e-001
