 8.95343197e-001
 6.25711303e-002
 -4.94842352e-001
 8.66188715e-001
 -7.82600244e-001
 -7.08519804e-001
 3.53345422e-001
 -5.68409156e-001
 4.43796184e-001
 1.01028866e-001
 -2.98445214e-001
 4.76384203e-001
 -6.82864922e-002
 2.04203642e-001
 -8.24872112e-001
 5.49094057e-001
 1.76622594e-001
 -4.19220719e-001
 -6.60059471e-001
 6.12131624e-001
 -5.24699414e-001
 -8.76963440e-002
 -3.57749683e-001
 -9.61035560e-001
 -4.44057384e-001
 3.92115116e-001
 8.71764760e-002
 -5.23181570e-001
 -6.97594484e-001
 -6.25757964e-001
 -9.96440319e-001
 9.96849834e-001
 -6.01871929e-001
 -3.06412545e-001
 -3.31990735e-001
 -4.97878536e-001
 -3.97382096e-001
 -3.41279673e-001
 -6.93844075e-001
 8.62817354e-001
 3.69522995e-001
 -8.32776669e-001
 -4.87713983e-002
 -3.17941803e-001
 8.38716750e-001
 1.43891118e-001
 -4.71825593e-001
 -1.10535696e-001
 -7.96941615e-001
 -3.04650992e-001
 1.57418946e-001
 -1.59624310e-001
 -8.84873356e-001
 8.79661091e-001
 3.40751712e-001
 6.56496591e-001
 -2.08520164e-001
 -1.12193053e-001
 -6.41491195e-001
 -6.35265902e-001
 6.50242606e-003
 -7.32674885e-001
 -9.37875397e-001
 4.84122939e-001
 -9.74395622e-002
 -6.80193611e-001
 -5.77518119e-001
 3.16110048e-001
 -6.77600707e-001
 6.29742741e-001
 -7.28131251e-001
 -7.08885218e-001
 -5.48757109e-001
 -6.66715430e-001
 -3.33082853e-001
 -9.61796383e-001
 2.28732787e-001
 1.18701716e-001
 2.56500363e-001
 -5.28193571e-001
 -9.77787772e-001
 -1.38224153e-001
 -5.63540632e-001
 -5.33633129e-001
 -5.63053832e-001
 5.23386704e-001
 -4.50322977e-001
 -4.43312430e-001
 -5.50114859e-001
 -4.99896570e-001
 7.64804085e-001
 -4.48286960e-001
 5.16722876e-001
 6.79442969e-002
 -8.97358227e-001
 4.66623408e-001
 -7.05424330e-002
 -7.16614622e-001
 2.37178375e-001
 7.27397333e-003
