 0.00000000e+000
 6.34665183e-002
 1.26933037e-001
 1.90399555e-001
 2.53866073e-001
 3.17332591e-001
 3.80799110e-001
 4.44265628e-001
 5.07732146e-001
 5.71198664e-001
 6.34665183e-001
 6.98131701e-001
 7.61598219e-001
 8.25064737e-001
 8.88531256e-001
 9.51997774e-001
 1.01546429e+000
 1.07893081e+000
 1.14239733e+000
 1.20586385e+000
 1.26933037e+000
 1.33279688e+000
 1.39626340e+000
 1.45972992e+000
 1.52319644e+000
 1.58666296e+000
 1.65012947e+000
 1.71359599e+000
 1.77706251e+000
 1.84052903e+000
 1.90399555e+000
 1.96746207e+000
 2.03092858e+000
 2.09439510e+000
 2.15786162e+000
 2.22132814e+000
 2.28479466e+000
 2.34826118e+000
 2.41172769e+000
 2.47519421e+000
 2.53866073e+000
 2.60212725e+000
 2.66559377e+000
 2.72906028e+000
 2.79252680e+000
 2.85599332e+000
 2.91945984e+000
 2.98292636e+000
 3.04639288e+000
 3.10985939e+000
 3.17332591e+000
 3.23679243e+000
 3.30025895e+000
 3.36372547e+000
 3.42719199e+000
 3.49065850e+000
 3.55412502e+000
 3.61759154e+000
 3.68105806e+000
 3.74452458e+000
 3.80799110e+000
 3.87145761e+000
 3.93492413e+000
 3.99839065e+000
 4.06185717e+000
 4.12532369e+000
 4.18879020e+000
 4.25225672e+000
 4.31572324e+000
 4.37918976e+000
 4.44265628e+000
 4.50612280e+000
 4.56958931e+000
 4.63305583e+000
 4.69652235e+000
 4.75998887e+000
 4.82345539e+000
 4.88692191e+000
 4.95038842e+000
 5.01385494e+000
 5.07732146e+000
 5.14078798e+000
 5.20425450e+000
 5.26772102e+000
 5.33118753e+000
 5.39465405e+000
 5.45812057e+000
 5.52158709e+000
 5.58505361e+000
 5.64852012e+000
 5.71198664e+000
 5.77545316e+000
 5.83891968e+000
 5.90238620e+000
 5.96585272e+000
 6.02931923e+000
 6.09278575e+000
 6.15625227e+000
 6.21971879e+000
 6.28318531e+000
