 0.00000000e+000
 6.34239197e-002
 1.26592454e-001
 1.89251244e-001
 2.51147987e-001
 3.12033446e-001
 3.71662456e-001
 4.29794912e-001
 4.86196736e-001
 5.40640817e-001
 5.92907929e-001
 6.42787610e-001
 6.90079011e-001
 7.34591709e-001
 7.76146464e-001
 8.14575952e-001
 8.49725430e-001
 8.81453363e-001
 9.09631995e-001
 9.34147860e-001
 9.54902241e-001
 9.71811568e-001
 9.84807753e-001
 9.93838464e-001
 9.98867339e-001
 9.99874128e-001
 9.96854776e-001
 9.89821442e-001
 9.78802446e-001
 9.63842159e-001
 9.45000819e-001
 9.22354294e-001
 8.95993774e-001
 8.66025404e-001
 8.32569855e-001
 7.95761841e-001
 7.55749574e-001
 7.12694171e-001
 6.66769001e-001
 6.18158986e-001
 5.67059864e-001
 5.13677392e-001
 4.58226522e-001
 4.00930535e-001
 3.42020143e-001
 2.81732557e-001
 2.20310533e-001
 1.58001396e-001
 9.50560433e-002
 3.17279335e-002
 -3.17279335e-002
 -9.50560433e-002
 -1.58001396e-001
 -2.20310533e-001
 -2.81732557e-001
 -3.42020143e-001
 -4.00930535e-001
 -4.58226522e-001
 -5.13677392e-001
 -5.67059864e-001
 -6.18158986e-001
 -6.66769001e-001
 -7.12694171e-001
 -7.55749574e-001
 -7.95761841e-001
 -8.32569855e-001
 -8.66025404e-001
 -8.95993774e-001
 -9.22354294e-001
 -9.45000819e-001
 -9.63842159e-001
 -9.78802446e-001
 -9.89821442e-001
 -9.96854776e-001
 -9.99874128e-001
 -9.98867339e-001
 -9.93838464e-001
 -9.84807753e-001
 -9.71811568e-001
 -9.54902241e-001
 -9.34147860e-001
 -9.09631995e-001
 -8.81453363e-001
 -8.49725430e-001
 -8.14575952e-001
 -7.76146464e-001
 -7.34591709e-001
 -6.90079011e-001
 -6.42787610e-001
 -5.92907929e-001
 -5.40640817e-001
 -4.86196736e-001
 -4.29794912e-001
 -3.71662456e-001
 -3.12033446e-001
 -2.51147987e-001
 -1.89251244e-001
 -1.26592454e-001
 -6.34239197e-002
 -2.44929360e-016
